10157
18
23461
80325
80221
55902
192670
64400
214
4329
230
55129
8416
8542
55160
9828
408
55616
445
1386
11041
4059
10018
10282
90427
770
91768
11094
199731
57658
726
90668
57524
55231
5129
1952
51148
79603
55501
10370
1152
9022
7461
9746
54805
8506
7464
1373
9811
1512
1519
51523
124936
79415
79901
747
23604
1628
80344
414918
11067
80017
9249
79665
79819
202052
1777
55715
1850
1852
1944
1999
377841
2036
2052
2064
79956
55194
115704
283849
60412
284069
165215
55336
26232
93611
26270
64122
1112
4303
100132074
25794
2524
2535
84253
80318
2799
9283
55890
2896
79774
55876
8349
3017
8353
8370
26959
57657
79885
10014
51696
284004
283987
3133
3162
64342
9394
80270
7087
10437
57549
3588
3590
84818
3625
27124
3636
3643
23096
64207
133746
3727
8850
23247
3748
9682
23351
9764
3797
54800
51315
83999
3880
3911
3913
197257
3958
3965
64788
114783
4035
8581
9762
10916
5595
22983
4147
23263
113230
2872
4320
22808
6307
4524
222166
4582
9961
10608
79784
256302
65009
63941
4758
84276
57555
23467
7026
222950
23363
114881
5025
54681
29993
5064
196743
84875
57326
5157
10158
5210
10424
8503
9867
79887
5333
8611
5364
57104
10957
5447
5465
8541
151742
5526
112476
5777
5794
22864
84440
376267
25837
326624
9545
10966
5900
9649
5916
92840
388531
83547
6016
7844
57674
80352
6091
148398
25939
9522
192683
9728
6398
6400
6405
57715
26470
149345
51246
6474
4891
5002
63027
79085
123096
65010
55315
11182
124935
57153
55512
333929
9751
6640
257364
6666
79582
84501
57731
79644
23648
54961
6821
54823
11346
51760
9066
6892
10312
7051
9473
257000
27134
7108
100113407
728229
161145
757
252839
8764
7134
7138
10140
94241
58476
23321
55223
54795
81628
8408
81622
114990
400673
23355
147645
64115
388403
29800
10444
54469
85446
90338
90987
25946
155054
168544
340385
100289635
23053