112694756
51166
8309
134637
136
64782
204
9590
262
118429
8905
374
9824
444
79915
9212
145173
56938
672
699
79669
201725
27101
794
865
867
165055
890
595
9308
991
993
8318
113130
83879
55143
5128
1021
64946
64105
79019
55166
79682
201161
145508
9662
84131
494143
1111
1147
57650
150468
81570
63967
112616
8533
23406
8727
10926
285761
84259
220042
1663
9188
55789
8527
1736
22943
79075
51514
144455
10969
1894
9695
1948
1983
2004
22936
146956
2012
2037
2069
54206
2115
2118
9156
51010
2146
2171
10447
729533
728833
10056
355
200933
2237
143282
8061
2526
54433
2730
9837
51659
64785
84296
84803
253635
2820
10936
134266
3014
3015
23354
55355
3159
8091
3673
6744
84541
56992
3835
9493
11004
90417
3930
3976
4001
222229
134353
55646
10434
84549
9448
153364
4154
55388
4175
4176
79892
79772
9833
84057
55329
79710
10200
4478
4603
4609
4651
80155
89795
64151
23397
57552
374383
51388
64318
9241
64434
51491
4862
8439
51559
4907
83540
129401
4928
4953
55239
23594
26031
55644
51633
55003
51678
22976
1912
54984
10733
5366
56902
23649
5427
10721
27166
5558
55771
56952
29893
10213
5806
79832
5880
5810
56852
5888
10635
25788
8438
65059
5922
11228
5932
81691
5983
5984
5985
55159
8601
121268
51444
4919
22934
200916
6240
6241
861
140576
163786
6322
29843
5271
119392
30011
79801
220134
6502
1468
60386
159371
23657
28231
221491
6611
6632
29887
166378
147841
54908
161742
200734
81848
57559
26872
9263
9015
84260
6947
7004
93081
7039
54962
55319
8797
51330
84951
7150
10376
23350
84959
11065
7334
29089
51377
29128
7378
84916
203547
7443
11169
55759
79968
7516
7518
55345
7762
55055
11130